0 7.0710678118654755 6.972967811865477
1 14.142135623730951 13.847835623730955
2 21.213203435596427 20.624603435596434
3 28.284271247461902 27.30327124746191
4 35.35533905932738 33.883839059327386
5 42.42640687119285 40.36630687119286
6 49.49747468305833 46.75067468305834
7 56.568542494923804 53.03694249492382
8 63.63961030678928 59.2251103067893
9 70.71067811865476 65.31517811865477
10 77.78174593052023 71.30714593052025
11 84.8528137423857 77.20101374238573
12 91.92388155425118 82.9967815542512
13 98.99494936611666 88.69444936611667
14 106.06601717798213 94.29401717798216
15 113.13708498984761 99.79548498984764
16 120.20815280171308 105.19885280171312
17 127.27922061357856 110.50412061357859
18 134.35028842544403 115.71128842544407
19 141.4213562373095 120.82035623730954
20 148.49242404917499 125.83132404917501
21 155.56349186104046 130.7441918610405
22 162.63455967290594 135.55895967290596
23 169.7056274847714 140.27562748477143
24 176.7766952966369 144.89419529663692
25 183.84776310850236 149.4146631085024
26 190.91883092036784 153.83703092036788
27 197.9898987322333 158.16129873223335
28 205.0609665440988 162.38746654409883
29 212.13203435596427 166.5155343559643
30 219.20310216782974 170.54550216782977
31 226.27416997969522 174.47736997969525
32 233.3452377915607 178.31113779156072
33 240.41630560342617 182.0468056034262
34 247.48737341529164 185.68437341529167
35 254.55844122715712 189.22384122715715
36 261.6295090390226 192.6652090390226
37 268.70057685088807 196.0084768508881
38 275.77164466275354 199.25364466275357
39 282.842712474619 202.40071247461904
40 289.9137802864845 205.44968028648452
41 296.98484809834997 208.40054809835
42 304.05591591021545 211.25331591021546
43 311.1269837220809 214.00798372208092
44 318.1980515339464 216.6645515339464
45 325.2691193458119 219.22301934581188
46 332.34018715767735 221.68338715767734
47 339.4112549695428 224.04565496954282
48 346.4823227814083 226.3098227814083
49 353.5533905932738 228.47589059327376
50 360.62445840513925 230.54385840513922
51 367.6955262170047 232.5137262170047
52 374.7665940288702 234.38549402887017
53 381.8376618407357 236.15916184073563
54 388.90872965260115 237.8347296526011
55 395.9797974644666 239.41219746446657
56 403.0508652763321 240.89156527633205
57 410.1219330881976 242.27283308819753
58 417.19300090006305 243.556000900063
59 424.26406871192853 244.74106871192848
60 431.335136523794 245.82803652379394
61 438.4062043356595 246.81690433565942
62 445.47727214752496 247.70767214752487
63 452.54833995939043 248.50033995939035
64 459.6194077712559 249.19490777125583
65 466.6904755831214 249.7913755831213
66 473.76154339498686 250.28974339498677
67 480.83261120685233 250.69001120685223
68 487.9036790187178 250.9921790187177
69 494.9747468305833 251.19624683058316
70 502.04581464244876 251.30221464244863
71 509.11688245431424 251.3100824543141
72 516.1879502661798 251.21985026617958
73 523.2590180780453 251.03151807804505
74 530.3300858899108 250.7450858899105
75 537.4011537017764 250.36055370177598
76 544.4722215136419 249.87792151364147
77 551.5432893255074 249.29718932550693
78 558.614357137373 248.6183571373724
79 565.6854249492385 247.84142494923788
80 572.756492761104 246.96639276110335
81 579.8275605729696 245.9932605729688
82 586.8986283848351 244.92202838483428
83 593.9696961967006 243.75269619669976
84 601.0407640085662 242.48526400856522
85 608.1118318204317 241.1197318204307
86 615.1828996322972 239.65609963229616
87 622.2539674441628 238.09436744416163
88 629.3250352560283 236.43453525602712
89 636.3961030678938 234.6766030678926
90 643.4671708797594 232.82057087975807
91 650.5382386916249 230.86643869162353
92 657.6093065034904 228.814206503489
93 664.680374315356 226.66387431535446
94 671.7514421272215 224.41544212721993
95 678.822509939087 222.06890993908542
96 685.8935777509525 219.62427775095088
97 692.9646455628181 217.08154556281636
98 700.0357133746836 214.44071337468182
99 707.1067811865491 211.7017811865473
100 714.1778489984147 208.86474899841275
101 721.2489168102802 205.92961681027822
102 728.3199846221457 202.8963846221437
103 735.3910524340113 199.76505243400916
104 742.4621202458768 196.53562024587464
105 749.5331880577423 193.2080880577401
106 756.6042558696079 189.78245586960557
107 763.6753236814734 186.25872368147103
108 770.7463914933389 182.6368914933365
109 777.8174593052045 178.91695930520197
110 784.88852711707 175.09892711706743
111 791.9595949289355 171.1827949289329
112 799.0306627408011 167.16856274079836
113 806.1017305526666 163.05623055266383
114 813.1727983645321 158.8457983645293
115 820.2438661763977 154.53726617639475
116 827.3149339882632 150.13063398826023
117 834.3860018001287 145.6259018001257
118 841.4570696119943 141.02306961199116
119 848.5281374238598 136.32213742385662
120 855.5992052357253 131.52310523572208
121 862.6702730475909 126.62597304758755
122 869.7413408594564 121.63074085945301
123 876.8124086713219 116.53740867131847
124 883.8834764831875 111.34597648318393
125 890.954544295053 106.0564442950494
126 898.0256121069185 100.66881210691487
127 905.096679918784 95.18307991878034
128 912.1677477306496 89.5992477306458
129 919.2388155425151 83.91731554251126
130 926.3098833543806 78.13728335437672
131 933.3809511662462 72.25915116624219
132 940.4520189781117 66.28291897810766
133 947.5230867899772 60.208586789973126
134 954.5941546018428 54.03615460183859
135 961.6652224137083 47.76562241370405
136 968.7362902255738 41.39699022556951
137 975.8073580374394 34.930258037434974
138 982.8784258493049 28.365425849300436
139 989.9494936611704 21.7024936611659
140 997.020561473036 14.941461473031364
141 1004.0916292849015 8.08232928489683
142 1011.162697096767 1.1250970967622944
143 1018.2337649086326 -5.93023509137224
144 1025.304832720498 -13.083667279506773
145 1032.3759005323636 -20.335199467641306
146 1039.4469683442292 -27.684831655775838
147 1046.5180361560947 -35.13256384391037
148 1053.5891039679602 -42.6783960320449
149 1060.6601717798258 -50.32232822017943
150 1067.7312395916913 -58.06436040831396
151 1074.8023074035568 -65.90449259644849
152 1081.8733752154224 -73.84272478458303
153 1088.944443027288 -81.87905697271755
154 1096.0155108391534 -90.01348916085207
155 1103.086578651019 -98.2460213489866
156 1110.1576464628845 -106.57665353712113
157 1117.22871427475 -115.00538572525566
158 1124.2997820866156 -123.53221791339018
159 1131.370849898481 -132.1571501015247
160 1138.4419177103466 -140.88018228965922
161 1145.5129855222121 -149.70131447779374
162 1152.5840533340777 -158.62054666592826
163 1159.6551211459432 -167.6378788540628
164 1166.7261889578087 -176.7533110421973
165 1173.7972567696743 -185.96684323033185
166 1180.8683245815398 -195.27847541846637
167 1187.9393923934053 -204.68820760660088
168 1195.0104602052709 -214.1960397947354
169 1202.0815280171364 -223.80197198286993
170 1209.152595829002 -233.50600417100446
171 1216.2236636408675 -243.30813635913898
172 1223.294731452733 -253.2083685472735
173 1230.3657992645985 -263.206700735408
174 1237.436867076464 -273.30313292354253
175 1244.5079348883296 -283.49766511167707
176 1251.5790027001951 -293.7902972998116
177 1258.6500705120607 -304.1810294879461
178 1265.7211383239262 -314.6698616760806
179 1272.7922061357917 -325.2567938642151
180 1279.8632739476573 -335.94182605234965
181 1286.9343417595228 -346.72495824048417
182 1294.0054095713883 -357.6061904286187
183 1301.0764773832539 -368.58552261675317
184 1308.1475451951194 -379.6629548048877
185 1315.218613006985 -390.83848699302223
186 1322.2896808188505 -402.11211918115674
187 1329.360748630716 -413.48385136929124
188 1336.4318164425815 -424.95368355742573
189 1343.502884254447 -436.52161574556027
190 1350.5739520663126 -448.1876479336948
191 1357.6450198781781 -459.9517801218293
192 1364.7160876900437 -471.8140123099638
193 1371.7871555019092 -483.7743444980983
194 1378.8582233137747 -495.8327766862328
195 1385.9292911256402 -507.98930887436734
196 1393.0003589375058 -520.2439410625018
197 1400.0714267493713 -532.5966732506363
198 1407.1424945612368 -545.0475054387708
199 1414.2135623731024 -557.5964376269053
200 1421.284630184968 -570.2434698150398
201 1428.3556979968334 -582.9886020031743
202 1435.426765808699 -595.8318341913088
203 1442.4978336205645 -608.7731663794433
204 1449.56890143243 -621.8125985675778
205 1456.6399692442956 -634.9501307557123
206 1463.711037056161 -648.1857629438467
207 1470.7821048680266 -661.5194951319812
208 1477.8531726798922 -674.9513273201158
209 1484.9242404917577 -688.4812595082502
210 1491.9953083036232 -702.1092916963847
211 1499.0663761154888 -715.8354238845192
212 1506.1374439273543 -729.6596560726537
213 1513.2085117392198 -743.5819882607882
214 1520.2795795510854 -757.6024204489227
215 1527.350647362951 -771.7209526370572
216 1534.4217151748164 -785.9375848251916
217 1541.492782986682 -800.2523170133261
218 1548.5638507985475 -814.6651492014606
219 1555.634918610413 -829.1760813895951
220 1562.7059864222786 -843.7851135777296
221 1569.777054234144 -858.492245765864
222 1576.8481220460096 -873.2974779539985
223 1583.9191898578752 -888.200810142133
224 1590.9902576697407 -903.2022423302675
225 1598.0613254816062 -918.301774518402
226 1605.1323932934718 -933.4994067065364
227 1612.2034611053373 -948.7951388946709
228 1619.2745289172028 -964.1889710828054
229 1626.3455967290683 -979.6809032709399
230 1633.4166645409339 -995.2709354590744
231 1640.4877323527994 -1010.9590676472088
232 1647.558800164665 -1026.7452998353433
233 1654.6298679765305 -1042.6296320234778
234 1661.700935788396 -1058.6120642116123
235 1668.7720036002615 -1074.6925963997467
236 1675.843071412127 -1090.8712285878812
237 1682.9141392239926 -1107.1479607760157
238 1689.9852070358581 -1123.52279296415
239 1697.0562748477237 -1139.9957251522846
240 1704.1273426595892 -1156.5667573404191
241 1711.1984104714547 -1173.2358895285536
242 1718.2694782833203 -1190.0031217166882
243 1725.3405460951858 -1206.8684539048227
244 1732.4116139070513 -1223.8318860929571
245 1739.4826817189169 -1240.8934182810915
246 1746.5537495307824 -1258.053050469226
247 1753.624817342648 -1275.3107826573605
248 1760.6958851545135 -1292.666614845495
249 1767.766952966379 -1310.1205470336295
250 1774.8380207782445 -1327.672579221764
251 1781.90908859011 -1345.3227114098984
252 1788.9801564019756 -1363.070943598033
253 1796.0512242138411 -1380.9172757861675
254 1803.1222920257067 -1398.861707974302
255 1810.1933598375722 -1416.9042401624363
256 1817.2644276494377 -1435.0448723505708
257 1824.3354954613033 -1453.2836045387053
258 1831.4065632731688 -1471.6204367268397
259 1838.4776310850343 -1490.0553689149742
260 1845.5486988968999 -1508.5884011031087
261 1852.6197667087654 -1527.2195332912431
262 1859.690834520631 -1545.9487654793777
263 1866.7619023324964 -1564.7760976675122
264 1873.832970144362 -1583.7015298556466
265 1880.9040379562275 -1602.725062043781
266 1887.975105768093 -1621.8466942319155
267 1895.0461735799586 -1641.06642642005
268 1902.117241391824 -1660.3842586081844
269 1909.1883092036896 -1679.800190796319
270 1916.2593770155552 -1699.3142229844534
271 1923.3304448274207 -1718.9263551725878
272 1930.4015126392862 -1738.6365873607224
273 1937.4725804511518 -1758.444919548857
274 1944.5436482630173 -1778.3513517369913
275 1951.6147160748828 -1798.3558839251257
276 1958.6857838867484 -1818.4585161132602
277 1965.756851698614 -1838.6592483013947
278 1972.8279195104794 -1858.958080489529
279 1979.898987322345 -1879.3550126776636
280 1986.9700551342105 -1899.850044865798
281 1994.041122946076 -1920.4431770539325
282 2001.1121907579416 -1941.134409242067
283 2008.183258569807 -1961.9237414302015
284 2015.2543263816726 -1982.811173618336
285 2022.3253941935382 -2003.7967058064703
286 2029.3964620054037 -2024.8803379946048
287 2036.4675298172692 -2046.0620701827393
288 2043.5385976291348 -2067.341902370874
289 2050.6096654410003 -2088.719834559008
290 2057.6807332528656 -2110.1958667471426
291 2064.751801064731 -2131.7699989352773
292 2071.822868876596 -2153.4422311234116
293 2078.8939366884615 -2175.212563311546
294 2085.965004500327 -2197.0809954996807
295 2093.036072312192 -2219.047527687815
296 2100.1071401240574 -2241.1121598759496
297 2107.1782079359227 -2263.2748920640843
298 2114.249275747788 -2285.5357242522186
299 2121.3203435596533 -2307.894656440353
300 2128.3914113715186 -2330.3516886284874
301 2135.462479183384 -2352.906820816622
302 2142.5335469952493 -2375.5600530047564
303 2149.6046148071146 -2398.3113851928906
304 2156.67568261898 -2421.160817381025
305 2163.746750430845 -2444.1083495691596
306 2170.8178182427105 -2467.153981757294
307 2177.888886054576 -2490.2977139454283
308 2184.959953866441 -2513.539546133563
309 2192.0310216783064 -2536.879478321697
310 2199.1020894901717 -2560.3175105098317
311 2206.173157302037 -2583.8536426979663
312 2213.2442251139023 -2607.4878748861006
313 2220.3152929257676 -2631.220207074235
314 2227.386360737633 -2655.0506392623697
315 2234.457428549498 -2678.979171450504
316 2241.5284963613635 -2703.0058036386386
317 2248.599564173229 -2727.130535826773
318 2255.670631985094 -2751.3533680149076
319 2262.7416997969594 -2775.674300203042
320 2269.8127676088247 -2800.0933323911763
321 2276.88383542069 -2824.6104645793107
322 2283.9549032325554 -2849.2256967674452
323 2291.0259710444207 -2873.9390289555795
324 2298.097038856286 -2898.750461143714
325 2305.1681066681513 -2923.6599933318485
326 2312.2391744800166 -2948.6676255199827
327 2319.310242291882 -2973.773357708117
328 2326.381310103747 -2998.9771898962517
329 2333.4523779156125 -3024.279122084386
330 2340.523445727478 -3049.6791542725205
331 2347.594513539343 -3075.177286460655
332 2354.6655813512084 -3100.7735186487894
333 2361.7366491630737 -3126.467850836924
334 2368.807716974939 -3152.2602830250585
335 2375.8787847868043 -3178.150815213193
336 2382.9498525986696 -3204.1394474013273
337 2390.020920410535 -3230.226179589462
338 2397.0919882224002 -3256.4110117775963
339 2404.1630560342655 -3282.693943965731
340 2411.234123846131 -3309.074976153865
341 2418.305191657996 -3335.5541083419994
342 2425.3762594698615 -3362.131340530134
343 2432.4473272817268 -3388.806672718268
344 2439.518395093592 -3415.5801049064025
345 2446.5894629054574 -3442.451637094537
346 2453.6605307173227 -3469.4212692826713
347 2460.731598529188 -3496.4890014708058
348 2467.8026663410533 -3523.6548336589403
349 2474.8737341529186 -3550.9187658470746
350 2481.944801964784 -3578.280798035209
351 2489.015869776649 -3605.7409302233436
352 2496.0869375885145 -3633.299162411478
353 2503.15800540038 -3660.9554945996124
354 2510.229073212245 -3688.709926787747
355 2517.3001410241104 -3716.5624589758813
356 2524.3712088359757 -3744.513091164016
357 2531.442276647841 -3772.5618233521504
358 2538.5133444597063 -3800.708655540285
359 2545.5844122715716 -3828.9535877284193
360 2552.655480083437 -3857.2966199165535
361 2559.7265478953022 -3885.737752104688
362 2566.7976157071676 -3914.2769842928224
363 2573.868683519033 -3942.9143164809566
364 2580.939751330898 -3971.649748669091
365 2588.0108191427635 -4000.4832808572255
366 2595.0818869546288 -4029.4149130453598
367 2602.152954766494 -4058.444645233494
368 2609.2240225783594 -4087.5724774216287
369 2616.2950903902247 -4116.798409609763
370 2623.36615820209 -4146.122441797897
371 2630.4372260139553 -4175.5445739860315
372 2637.5082938258206 -4205.064806174166
373 2644.579361637686 -4234.6831383623
374 2651.650429449551 -4264.399570550435
375 2658.7214972614165 -4294.21410273857
376 2665.792565073282 -4324.126734926704
377 2672.863632885147 -4354.137467114838
378 2679.9347006970124 -4384.246299302972
379 2687.0057685088777 -4414.453231491107
380 2694.076836320743 -4444.758263679241
381 2701.1479041326083 -4475.161395867376
382 2708.2189719444737 -4505.66262805551
383 2715.290039756339 -4536.261960243644
384 2722.3611075682043 -4566.959392431779
385 2729.4321753800696 -4597.754924619913
386 2736.503243191935 -4628.648556808048
387 2743.5743110038 -4659.640288996183
388 2750.6453788156655 -4690.730121184317
389 2757.716446627531 -4721.918053372451
390 2764.787514439396 -4753.204085560586
391 2771.8585822512614 -4784.58821774872
392 2778.9296500631267 -4816.070449936855
393 2786.000717874992 -4847.650782124989
394 2793.0717856868573 -4879.329214313123
395 2800.1428534987226 -4911.105746501257
396 2807.213921310588 -4942.980378689392
397 2814.284989122453 -4974.953110877526
398 2821.3560569343185 -5007.023943065661
399 2828.427124746184 -5039.192875253795
400 2835.498192558049 -5071.459907441929
401 2842.5692603699144 -5103.825039630064
402 2849.6403281817798 -5136.288271818198
403 2856.711395993645 -5168.849604006333
404 2863.7824638055104 -5201.509036194468
405 2870.8535316173757 -5234.266568382602
406 2877.924599429241 -5267.122200570736
407 2884.9956672411063 -5300.07593275887
408 2892.0667350529716 -5333.127764947005
409 2899.137802864837 -5366.2776971351395
410 2906.208870676702 -5399.5257293232735
411 2913.2799384885675 -5432.871861511408
412 2920.351006300433 -5466.316093699542
413 2927.422074112298 -5499.858425887676
414 2934.4931419241634 -5533.498858075811
415 2941.5642097360287 -5567.237390263946
416 2948.635277547894 -5601.07402245208
417 2955.7063453597593 -5635.008754640214
418 2962.7774131716246 -5669.041586828348
419 2969.84848098349 -5703.1725190164825
420 2976.9195487953552 -5737.401551204617
421 2983.9906166072205 -5771.728683392752
422 2991.061684419086 -5806.153915580886
423 2998.132752230951 -5840.67724776902
424 3005.2038200428165 -5875.2986799571545
425 3012.2748878546818 -5910.018212145289
426 3019.345955666547 -5944.835844333424
427 3026.4170234784124 -5979.7515765215585
428 3033.4880912902777 -6014.765408709693
429 3040.559159102143 -6049.877340897827
430 3047.6302269140083 -6085.087373085961
431 3054.7012947258736 -6120.395505274096
432 3061.772362537739 -6155.80173746223
433 3068.843430349604 -6191.306069650364
434 3075.9144981614695 -6226.9085018384985
435 3082.985565973335 -6262.609034026633
436 3090.0566337852 -6298.407666214767
437 3097.1277015970654 -6334.304398402902
438 3104.1987694089307 -6370.299230591037
439 3111.269837220796 -6406.392162779171
440 3118.3409050326613 -6442.583194967305
441 3125.4119728445266 -6478.872327155439
442 3132.483040656392 -6515.2595593435735
443 3139.5541084682573 -6551.744891531708
444 3146.6251762801226 -6588.328323719843
445 3153.696244091988 -6625.009855907977
446 3160.767311903853 -6661.789488096111
447 3167.8383797157185 -6698.667220284246
448 3174.909447527584 -6735.64305247238
449 3181.980515339449 -6772.716984660515
450 3189.0515831513144 -6809.889016848649
451 3196.1226509631797 -6847.159149036783
452 3203.193718775045 -6884.527381224917
453 3210.2647865869103 -6921.993713413051
454 3217.3358543987756 -6959.558145601186
455 3224.406922210641 -6997.220677789321
456 3231.477990022506 -7034.981309977455
457 3238.5490578343715 -7072.840042165589
458 3245.620125646237 -7110.796874353723
459 3252.691193458102 -7148.8518065418575
460 3259.7622612699674 -7187.004838729992
461 3266.8333290818327 -7225.255970918127
462 3273.904396893698 -7263.605203106261
463 3280.9754647055634 -7302.052535294395
464 3288.0465325174287 -7340.597967482529
465 3295.117600329294 -7379.241499670664
466 3302.1886681411593 -7417.9831318587985
467 3309.2597359530246 -7456.822864046933
468 3316.33080376489 -7495.760696235067
469 3323.401871576755 -7534.796628423202
470 3330.4729393886205 -7573.930660611336
471 3337.544007200486 -7613.1627927994705
472 3344.615075012351 -7652.493024987605
473 3351.6861428242164 -7691.921357175739
474 3358.7572106360817 -7731.447789363873
475 3365.828278447947 -7771.072321552007
476 3372.8993462598123 -7810.794953740142
477 3379.9704140716776 -7850.615685928276
478 3387.041481883543 -7890.534518116411
479 3394.1125496954082 -7930.551450304545
480 3401.1836175072735 -7970.666482492679
481 3408.254685319139 -8010.879614680814
482 3415.325753131004 -8051.190846868948
483 3422.3968209428695 -8091.600179057083
484 3429.4678887547348 -8132.107611245217
485 3436.5389565666 -8172.713143433351
486 3443.6100243784654 -8213.416775621487
487 3450.6810921903307 -8254.21850780962
488 3457.752160002196 -8295.118339997754
489 3464.8232278140613 -8336.11627218589
490 3471.8942956259266 -8377.212304374023
491 3478.965363437792 -8418.406436562158
492 3486.036431249657 -8459.698668750292
493 3493.1074990615225 -8501.089000938426
494 3500.178566873388 -8542.57743312656
495 3507.249634685253 -8584.163965314694
496 3514.3207024971184 -8625.848597502829
497 3521.3917703089837 -8667.631329690963
498 3528.462838120849 -8709.512161879098
499 3535.5339059327143 -8751.491094067233
500 3542.6049737445796 -8793.568126255366
501 3549.676041556445 -8835.743258443501
502 3556.7471093683102 -8878.016490631635
503 3563.8181771801756 -8920.38782281977
504 3570.889244992041 -8962.857255007904
505 3577.960312803906 -9005.424787196038
506 3585.0313806157715 -9048.090419384172
507 3592.102448427637 -9090.854151572306
508 3599.173516239502 -9133.715983760441
509 3606.2445840513674 -9176.675915948575
510 3613.3156518632327 -9219.733948136709
511 3620.386719675098 -9262.890080324843
512 3627.4577874869633 -9306.144312512977
513 3634.5288552988286 -9349.496644701112
514 3641.599923110694 -9392.947076889246
515 3648.670990922559 -9436.495609077381
516 3655.7420587344245 -9480.142241265516
517 3662.81312654629 -9523.88697345365
518 3669.884194358155 -9567.729805641784
519 3676.9552621700204 -9611.670737829918
520 3684.0263299818857 -9655.709770018053
521 3691.097397793751 -9699.846902206187
522 3698.1684656056163 -9744.08213439432
523 3705.2395334174817 -9788.415466582455
524 3712.310601229347 -9832.84689877059
525 3719.3816690412123 -9877.376430958724
526 3726.4527368530776 -9922.004063146858
527 3733.523804664943 -9966.729795334993
528 3740.594872476808 -10011.553627523128
529 3747.6659402886735 -10056.475559711262
530 3754.737008100539 -10101.495591899396
531 3761.808075912404 -10146.61372408753
532 3768.8791437242694 -10191.829956275666
533 3775.9502115361347 -10237.1442884638
534 3783.021279348 -10282.556720651934
535 3790.0923471598653 -10328.067252840068
536 3797.1634149717306 -10373.675885028202
537 3804.234482783596 -10419.382617216337
538 3811.305550595461 -10465.187449404471
539 3818.3766184073265 -10511.090381592605
540 3825.447686219192 -10557.09141378074
541 3832.518754031057 -10603.190545968873
542 3839.5898218429224 -10649.387778157008
543 3846.6608896547878 -10695.683110345142
544 3853.731957466653 -10742.076542533277
545 3860.8030252785184 -10788.568074721412
546 3867.8740930903837 -10835.157706909546
547 3874.945160902249 -10881.84543909768
548 3882.0162287141143 -10928.631271285814
549 3889.0872965259796 -10975.51520347395
550 3896.158364337845 -11022.497235662084
551 3903.22943214971 -11069.577367850217
552 3910.3004999615755 -11116.755600038352
553 3917.371567773441 -11164.031932226486
554 3924.442635585306 -11211.40636441462
555 3931.5137033971714 -11258.878896602755
556 3938.5847712090367 -11306.449528790889
557 3945.655839020902 -11354.118260979023
558 3952.7269068327673 -11401.885093167157
559 3959.7979746446326 -11449.750025355292
560 3966.869042456498 -11497.713057543426
561 3973.9401102683632 -11545.77418973156
562 3981.0111780802285 -11593.933421919695
563 3988.082245892094 -11642.190754107829
564 3995.153313703959 -11690.546186295964
565 4002.2243815158245 -11738.999718484098
566 4009.2954493276898 -11787.551350672233
567 4016.366517139555 -11836.201082860367
568 4023.4375849514204 -11884.9489150485
569 4030.5086527632857 -11933.794847236635
570 4037.579720575151 -11982.738879424769
571 4044.6507883870163 -12031.781011612904
572 4051.7218561988816 -12080.921243801038
573 4058.792924010747 -12130.159575989172
574 4065.863991822612 -12179.496008177306
575 4072.9350596344775 -12228.93054036544
576 4080.006127446343 -12278.463172553575
577 4087.077195258208 -12328.093904741709
578 4094.1482630700734 -12377.822736929844
579 4101.219330881939 -12427.649669117978
580 4108.2903986938045 -12477.574701306112
581 4115.36146650567 -12527.597833494247
582 4122.432534317536 -12577.71906568238
583 4129.503602129402 -12627.938397870515
584 4136.5746699412675 -12678.25583005865
585 4143.645737753133 -12728.671362246783
586 4150.716805564999 -12779.184994434918
587 4157.787873376865 -12829.796726623052
588 4164.858941188731 -12880.506558811187
589 4171.930009000596 -12931.31449099932
590 4179.001076812462 -12982.220523187454
591 4186.072144624328 -13033.224655375589
592 4193.143212436194 -13084.326887563722
593 4200.214280248059 -13135.527219751857
594 4207.285348059925 -13186.825651939991
595 4214.356415871791 -13238.222184128126
596 4221.427483683657 -13289.71681631626
597 4228.498551495522 -13341.309548504394
598 4235.569619307388 -13393.000380692529
599 4242.640687119254 -13444.789312880663
600 4249.71175493112 -13496.676345068798
601 4256.782822742985 -13548.661477256932
602 4263.853890554851 -13600.744709445065
603 4270.924958366717 -13652.9260416332
604 4277.996026178583 -13705.205473821334
605 4285.0670939904485 -13757.583006009469
606 4292.138161802314 -13810.058638197603
607 4299.20922961418 -13862.632370385738
608 4306.280297426046 -13915.304202573872
609 4313.3513652379115 -13968.074134762006
610 4320.422433049777 -14020.94216695014
611 4327.493500861643 -14073.908299138275
612 4334.564568673509 -14126.97253132641
613 4341.635636485375 -14180.134863514544
614 4348.70670429724 -14233.395295702678
615 4355.777772109106 -14286.753827890812
616 4362.848839920972 -14340.210460078946
617 4369.919907732838 -14393.765192267081
618 4376.990975544703 -14447.418024455215
619 4384.062043356569 -14501.168956643349
620 4391.133111168435 -14555.017988831483
621 4398.204178980301 -14608.965121019617
622 4405.275246792166 -14663.010353207752
623 4412.346314604032 -14717.153685395886
624 4419.417382415898 -14771.395117584021
625 4426.488450227764 -14825.734649772156
626 4433.559518039629 -14880.17228196029
627 4440.630585851495 -14934.708014148424
628 4447.701653663361 -14989.341846336558
629 4454.772721475227 -15044.073778524693
630 4461.8437892870925 -15098.903810712827
631 4468.914857098958 -15153.83194290096
632 4475.985924910824 -15208.858175089095
633 4483.05699272269 -15263.98250727723
634 4490.1280605345555 -15319.204939465364
635 4497.199128346421 -15374.525471653498
636 4504.270196158287 -15429.944103841632
637 4511.341263970153 -15485.460836029766
638 4518.412331782019 -15541.0756682179
639 4525.483399593884 -15596.788600406035
640 4532.55446740575 -15652.599632594169
641 4539.625535217616 -15708.508764782304
642 4546.696603029482 -15764.515996970438
643 4553.767670841347 -15820.621329158572
644 4560.838738653213 -15876.824761346707
645 4567.909806465079 -15933.12629353484
646 4574.980874276945 -15989.525925722975
647 4582.05194208881 -16046.02365791111
648 4589.123009900676 -16102.619490099243
649 4596.194077712542 -16159.313422287378
650 4603.265145524408 -16216.105454475512
651 4610.336213336273 -16272.995586663646
652 4617.407281148139 -16329.98381885178
653 4624.478348960005 -16387.070151039916
654 4631.549416771871 -16444.25458322805
655 4638.6204845837365 -16501.537115416184
656 4645.691552395602 -16558.91774760432
657 4652.762620207468 -16616.396479792453
658 4659.833688019334 -16673.973311980586
659 4666.9047558311995 -16731.64824416872
660 4673.975823643065 -16789.421276356854
661 4681.046891454931 -16847.29240854499
662 4688.117959266797 -16905.261640733122
663 4695.189027078663 -16963.328972921256
664 4702.260094890528 -17021.49440510939
665 4709.331162702394 -17079.757937297527
666 4716.40223051426 -17138.11956948566
667 4723.473298326126 -17196.579301673795
668 4730.544366137991 -17255.13713386193
669 4737.615433949857 -17313.793066050064
670 4744.686501761723 -17372.5470982382
671 4751.757569573589 -17431.399230426334
672 4758.828637385454 -17490.349462614467
673 4765.89970519732 -17549.3977948026
674 4772.970773009186 -17608.544226990736
675 4780.041840821052 -17667.78875917887
676 4787.112908632917 -17727.131391367006
677 4794.183976444783 -17786.57212355514
678 4801.255044256649 -17846.110955743272
679 4808.326112068515 -17905.747887931408
680 4815.3971798803805 -17965.482920119543
681 4822.468247692246 -18025.316052307677
682 4829.539315504112 -18085.24728449581
683 4836.610383315978 -18145.276616683943
684 4843.6814511278435 -18205.40404887208
685 4850.752518939709 -18265.629581060213
686 4857.823586751575 -18325.953213248347
687 4864.894654563441 -18386.37494543648
688 4871.9657223753065 -18446.894777624613
689 4879.036790187172 -18507.51270981275
690 4886.107857999038 -18568.228742000883
691 4893.178925810904 -18629.042874189017
692 4900.24999362277 -18689.95510637715
693 4907.321061434635 -18750.965438565283
694 4914.392129246501 -18812.07387075342
695 4921.463197058367 -18873.280402941553
696 4928.534264870233 -18934.585035129687
697 4935.605332682098 -18995.98776731782
698 4942.676400493964 -19057.488599505956
699 4949.74746830583 -19119.08753169409
700 4956.818536117696 -19180.784563882225
701 4963.889603929561 -19242.57969607036
702 4970.960671741427 -19304.472928258492
703 4978.031739553293 -19366.464260446628
704 4985.102807365159 -19428.553692634763
705 4992.1738751770245 -19490.741224822897
706 4999.24494298889 -19553.02685701103
707 5006.316010800756 -19615.410589199164
708 5013.387078612622 -19677.8924213873
709 5020.4581464244875 -19740.472353575435
710 5027.529214236353 -19803.15038576357
711 5034.600282048219 -19865.926517951702
712 5041.671349860085 -19928.800750139835
713 5048.7424176719505 -19991.77308232797
714 5055.813485483816 -20054.843514516106
715 5062.884553295682 -20118.01204670424
716 5069.955621107548 -20181.278678892373
717 5077.026688919414 -20244.643411080506
718 5084.097756731279 -20308.10624326864
719 5091.168824543145 -20371.667175456776
720 5098.239892355011 -20435.32620764491
721 5105.310960166877 -20499.083339833043
722 5112.382027978742 -20562.938572021176
723 5119.453095790608 -20626.89190420931
724 5126.524163602474 -20690.943336397446
725 5133.59523141434 -20755.09286858558
726 5140.666299226205 -20819.340500773713
727 5147.737367038071 -20883.68623296185
728 5154.808434849937 -20948.130065149984
729 5161.879502661803 -21012.67199733812
730 5168.950570473668 -21077.312029526252
731 5176.021638285534 -21142.050161714385
732 5183.0927060974 -21206.88639390252
733 5190.163773909266 -21271.820726090657
734 5197.2348417211315 -21336.85315827879
735 5204.305909532997 -21401.983690466925
736 5211.376977344863 -21467.212322655058
737 5218.448045156729 -21532.539054843193
738 5225.5191129685945 -21597.96388703133
739 5232.59018078046 -21663.486819219463
740 5239.661248592326 -21729.107851407596
741 5246.732316404192 -21794.82698359573
742 5253.803384216058 -21860.644215783865
743 5260.874452027923 -21926.559547972
744 5267.945519839789 -21992.572980160134
745 5275.016587651655 -22058.684512348267
746 5282.087655463521 -22124.8941445364
747 5289.158723275386 -22191.201876724535
748 5296.229791087252 -22257.60770891267
749 5303.300858899118 -22324.111641100804
750 5310.371926710984 -22390.713673288938
751 5317.442994522849 -22457.41380547707
752 5324.514062334715 -22524.212037665206
753 5331.585130146581 -22591.10836985334
754 5338.656197958447 -22658.102802041474
755 5345.727265770312 -22725.195334229607
756 5352.798333582178 -22792.38596641774
757 5359.869401394044 -22859.674698605875
758 5366.94046920591 -22927.06153079401
759 5374.0115370177755 -22994.546462982144
760 5381.082604829641 -23062.129495170277
761 5388.153672641507 -23129.810627358413
762 5395.224740453373 -23197.589859546548
763 5402.2958082652385 -23265.467191734682
764 5409.366876077104 -23333.442623922816
765 5416.43794388897 -23401.51615611095
766 5423.509011700836 -23469.687788299085
767 5430.580079512702 -23537.95752048722
768 5437.651147324567 -23606.325352675354
769 5444.722215136433 -23674.791284863488
770 5451.793282948299 -23743.35531705162
771 5458.864350760165 -23812.017449239756
772 5465.93541857203 -23880.77768142789
773 5473.006486383896 -23949.636013616026
774 5480.077554195762 -24018.59244580416
775 5487.148622007628 -24087.64697799229
776 5494.219689819493 -24156.799610180427
777 5501.290757631359 -24226.050342368562
778 5508.361825443225 -24295.399174556696
779 5515.432893255091 -24364.84610674483
780 5522.503961066956 -24434.391138932962
781 5529.575028878822 -24504.034271121098
782 5536.646096690688 -24573.775503309233
783 5543.717164502554 -24643.614835497367
784 5550.7882323144195 -24713.5522676855
785 5557.859300126285 -24783.587799873632
786 5564.930367938151 -24853.721432061768
787 5572.001435750017 -24923.953164249902
788 5579.0725035618825 -24994.282996438036
789 5586.143571373748 -25064.71092862617
790 5593.214639185614 -25135.2369608143
791 5600.28570699748 -25205.861093002437
792 5607.356774809346 -25276.58332519057
793 5614.427842621211 -25347.403657378705
794 5621.498910433077 -25418.32208956684
795 5628.569978244943 -25489.338621754974
796 5635.641046056809 -25560.45325394311
797 5642.712113868674 -25631.665986131244
798 5649.78318168054 -25702.976818319377
799 5656.854249492406 -25774.38575050751
800 5663.925317304272 -25845.892782695646
801 5670.996385116137 -25917.49791488378
802 5678.067452928003 -25989.201147071915
803 5685.138520739869 -26061.00247926005
804 5692.209588551735 -26132.90191144818
805 5699.2806563636 -26204.899443636317
806 5706.351724175466 -26276.995075824452
807 5713.422791987332 -26349.188808012586
808 5720.493859799198 -26421.48064020072
809 5727.5649276110635 -26493.870572388852
810 5734.635995422929 -26566.358604576988
811 5741.707063234795 -26638.944736765123
812 5748.778131046661 -26711.628968953257
813 5755.8491988585265 -26784.41130114139
814 5762.920266670392 -26857.291733329523
815 5769.991334482258 -26930.270265517658
816 5777.062402294124 -27003.346897705793
817 5784.1334701059895 -27076.521629893927
818 5791.204537917855 -27149.79446208206
819 5798.275605729721 -27223.165394270192
820 5805.346673541587 -27296.634426458328
821 5812.417741353453 -27370.201558646462
822 5819.488809165318 -27443.866790834596
823 5826.559876977184 -27517.63012302273
824 5833.63094478905 -27591.491555210865
825 5840.702012600916 -27665.451087399
826 5847.773080412781 -27739.508719587135
827 5854.844148224647 -27813.66445177527
828 5861.915216036513 -27887.9182839634
829 5868.986283848379 -27962.270216151537
830 5876.057351660244 -28036.720248339672
831 5883.12841947211 -28111.268380527807
832 5890.199487283976 -28185.91461271594
833 5897.270555095842 -28260.658944904073
834 5904.3416229077075 -28335.50137709221
835 5911.412690719573 -28410.441909280344
836 5918.483758531439 -28485.480541468478
837 5925.554826343305 -28560.61727365661
838 5932.6258941551705 -28635.852105844744
839 5939.696961967036 -28711.18503803288
840 5946.768029778902 -28786.616070221015
841 5953.839097590768 -28862.14520240915
842 5960.9101654026335 -28937.772434597282
843 5967.981233214499 -29013.497766785415
844 5975.052301026365 -29089.32119897355
845 5982.123368838231 -29165.242731161685
846 5989.194436650097 -29241.26236334982
847 5996.265504461962 -29317.380095537952
848 6003.336572273828 -29393.595927726084
849 6010.407640085694 -29469.90985991422
850 6017.47870789756 -29546.321892102354
851 6024.549775709425 -29622.83202429049
852 6031.620843521291 -29699.44025647862
853 6038.691911333157 -29776.146588666754
854 6045.762979145023 -29852.95102085489
855 6052.834046956888 -29929.853553043024
856 6059.905114768754 -30006.854185231157
857 6066.97618258062 -30083.95291741929
858 6074.047250392486 -30161.149749607426
859 6081.118318204351 -30238.44468179556
860 6088.189386016217 -30315.837713983696
861 6095.260453828083 -30393.32884617183
862 6102.331521639949 -30470.918078359962
863 6109.4025894518145 -30548.605410548098
864 6116.47365726368 -30626.390842736233
865 6123.544725075546 -30704.274374924367
866 6130.615792887412 -30782.2560071125
867 6137.6868606992775 -30860.335739300634
868 6144.757928511143 -30938.51357148877
869 6151.828996323009 -31016.789503676904
870 6158.900064134875 -31095.16353586504
871 6165.971131946741 -31173.63566805317
872 6173.042199758606 -31252.205900241304
873 6180.113267570472 -31330.87423242944
874 6187.184335382338 -31409.640664617575
875 6194.255403194204 -31488.50519680571
876 6201.326471006069 -31567.467828993842
877 6208.397538817935 -31646.528561181975
878 6215.468606629801 -31725.68739337011
879 6222.539674441667 -31804.944325558245
880 6229.610742253532 -31884.29935774638
881 6236.681810065398 -31963.75248993451
882 6243.752877877264 -32043.303722122644
883 6250.82394568913 -32122.95305431078
884 6257.895013500995 -32202.700486498914
885 6264.966081312861 -32282.546018687048
886 6272.037149124727 -32362.48965087518
887 6279.108216936593 -32442.531383063317
888 6286.1792847484585 -32522.671215251452
889 6293.250352560324 -32602.909147439586
890 6300.32142037219 -32683.24517962772
891 6307.392488184056 -32763.679311815853
892 6314.4635559959215 -32844.211544003985
893 6321.534623807787 -32924.84187619212
894 6328.605691619653 -33005.57030838025
895 6335.676759431519 -33086.396840568385
896 6342.747827243385 -33167.32147275652
897 6349.81889505525 -33248.34420494465
898 6356.889962867116 -33329.46503713279
899 6363.961030678982 -33410.68396932092
900 6371.032098490848 -33492.00100150905
901 6378.103166302713 -33573.41613369719
902 6385.174234114579 -33654.92936588532
903 6392.245301926445 -33736.540698073455
904 6399.316369738311 -33818.25013026159
905 6406.387437550176 -33900.057662449726
906 6413.458505362042 -33981.96329463786
907 6420.529573173908 -34063.967026825994
908 6427.600640985774 -34146.06885901413
909 6434.671708797639 -34228.26879120227
910 6441.742776609505 -34310.5668233904
911 6448.813844421371 -34392.962955578536
912 6455.884912233237 -34475.45718776667
913 6462.9559800451025 -34558.0495199548
914 6470.027047856968 -34640.73995214294
915 6477.098115668834 -34723.52848433107
916 6484.1691834807 -34806.41511651921
917 6491.2402512925655 -34889.39984870734
918 6498.311319104431 -34972.482680895475
919 6505.382386916297 -35055.66361308361
920 6512.453454728163 -35138.942645271745
921 6519.524522540029 -35222.31977745988
922 6526.595590351894 -35305.79500964801
923 6533.66665816376 -35389.36834183615
924 6540.737725975626 -35473.039774024284
925 6547.808793787492 -35556.80930621242
926 6554.879861599357 -35640.67693840055
927 6561.950929411223 -35724.642670588684
928 6569.021997223089 -35808.70650277682
929 6576.093065034955 -35892.868434964956
930 6583.16413284682 -35977.12846715309
931 6590.235200658686 -36061.486599341224
932 6597.306268470552 -36145.942831529355
933 6604.377336282418 -36230.49716371749
934 6611.448404094283 -36315.14959590563
935 6618.519471906149 -36399.90012809376
936 6625.590539718015 -36484.748760281895
937 6632.661607529881 -36569.695492470026
938 6639.7326753417465 -36654.74032465816
939 6646.803743153612 -36739.8832568463
940 6653.874810965478 -36825.12428903443
941 6660.945878777344 -36910.463421222565
942 6668.0169465892095 -36995.900653410696
943 6675.088014401075 -37081.43598559883
944 6682.159082212941 -37167.06941778697
945 6689.230150024807 -37252.8009499751
946 6696.301217836673 -37338.630582163234
947 6703.372285648538 -37424.558314351365
948 6710.443353460404 -37510.5841465395
949 6717.51442127227 -37596.708078727635
950 6724.585489084136 -37682.93011091577
951 6731.656556896001 -37769.2502431039
952 6738.727624707867 -37855.668475292034
953 6745.798692519733 -37942.18480748017
954 6752.869760331599 -38028.799239668304
955 6759.940828143464 -38115.511771856436
956 6767.01189595533 -38202.32240404457
957 6774.082963767196 -38289.2311362327
958 6781.154031579062 -38376.237968420835
959 6788.225099390927 -38463.34290060897
960 6795.296167202793 -38550.545932797104
961 6802.367235014659 -38637.84706498524
962 6809.438302826525 -38725.24629717337
963 6816.5093706383905 -38812.7436293615
964 6823.580438450256 -38900.33906154964
965 6830.651506262122 -38988.03259373777
966 6837.722574073988 -39075.824225925906
967 6844.7936418858535 -39163.71395811404
968 6851.864709697719 -39251.70179030218
969 6858.935777509585 -39339.78772249031
970 6866.006845321451 -39427.971754678445
971 6873.0779131333165 -39516.25388686658
972 6880.148980945182 -39604.63411905472
973 6887.220048757048 -39693.11245124285
974 6894.291116568914 -39781.68888343099
975 6901.36218438078 -39870.36341561912
976 6908.433252192645 -39959.13604780725
977 6915.504320004511 -40048.00677999539
978 6922.575387816377 -40136.97561218352
979 6929.646455628243 -40226.04254437166
980 6936.717523440108 -40315.20757655979
981 6943.788591251974 -40404.470708747926
982 6950.85965906384 -40493.83194093606
983 6957.930726875706 -40583.291273124196
984 6965.001794687571 -40672.84870531233
985 6972.072862499437 -40762.50423750046
986 6979.143930311303 -40852.2578696886
987 6986.214998123169 -40942.109601876735
988 6993.2860659350345 -41032.05943406487
989 7000.3571337469 -41122.107366253
990 7007.428201558766 -41212.253398441135
991 7014.499269370632 -41302.49753062927
992 7021.5703371824975 -41392.839762817406
993 7028.641404994363 -41483.28009500554
994 7035.712472806229 -41573.818527193675
995 7042.783540618095 -41664.455059381806
996 7049.8546084299605 -41755.18969156994
997 7056.925676241826 -41846.02242375808
998 7063.996744053692 -41936.95325594621
999 7071.067811865558 -42027.982188134345
